karate.data <-
structure(list(fromID = c(2, 3, 4, 5, 6, 7, 8, 9, 11, 12, 13, 
14, 18, 20, 22, 32, 3, 4, 8, 14, 18, 20, 22, 31, 4, 8, 9, 10, 
14, 28, 29, 33, 8, 13, 14, 7, 11, 7, 11, 17, 17, 31, 33, 34, 
34, 34, 33, 34, 33, 34, 33, 34, 34, 33, 34, 33, 34, 26, 28, 30, 
33, 34, 26, 28, 32, 32, 30, 34, 34, 32, 34, 33, 34, 33, 34, 33, 
34, 34), toID = c(1, 1, 1, 1, 1, 1, 1, 1, 1, 1, 1, 1, 1, 1, 1, 
1, 2, 2, 2, 2, 2, 2, 2, 2, 3, 3, 3, 3, 3, 3, 3, 3, 4, 4, 4, 5, 
5, 6, 6, 6, 7, 9, 9, 9, 10, 14, 15, 15, 16, 16, 19, 19, 20, 21, 
21, 23, 23, 24, 24, 24, 24, 24, 25, 25, 25, 26, 27, 27, 28, 29, 
29, 30, 30, 31, 31, 32, 32, 33), fromLabel = structure(c(8L, 
14L, 19L, 20L, 21L, 22L, 23L, 24L, 2L, 3L, 4L, 5L, 7L, 9L, 10L, 
17L, 14L, 19L, 23L, 5L, 7L, 9L, 10L, 16L, 19L, 23L, 24L, 1L, 
5L, 12L, 13L, 18L, 23L, 4L, 5L, 22L, 2L, 22L, 2L, 6L, 6L, 16L, 
18L, 25L, 25L, 25L, 18L, 25L, 18L, 25L, 18L, 25L, 25L, 18L, 25L, 
18L, 25L, 11L, 12L, 15L, 18L, 25L, 11L, 12L, 17L, 17L, 15L, 25L, 
25L, 17L, 25L, 18L, 25L, 18L, 25L, 18L, 25L, 25L), .Label = c("Actor 10", 
"Actor 11", "Actor 12", "Actor 13", "Actor 14", "Actor 17", "Actor 18", 
"Actor 2", "Actor 20", "Actor 22", "Actor 26", "Actor 28", "Actor 29", 
"Actor 3", "Actor 30", "Actor 31", "Actor 32", "Actor 33", "Actor 4", 
"Actor 5", "Actor 6", "Actor 7", "Actor 8", "Actor 9", "John A"
), class = "factor"), toLabel = structure(c(26L, 26L, 26L, 26L, 
26L, 26L, 26L, 26L, 26L, 26L, 26L, 26L, 26L, 26L, 26L, 26L, 6L, 
6L, 6L, 6L, 6L, 6L, 6L, 6L, 16L, 16L, 16L, 16L, 16L, 16L, 16L, 
16L, 21L, 21L, 21L, 22L, 22L, 23L, 23L, 23L, 24L, 25L, 25L, 25L, 
1L, 2L, 3L, 3L, 4L, 4L, 5L, 5L, 7L, 8L, 8L, 9L, 9L, 10L, 10L, 
10L, 10L, 10L, 11L, 11L, 11L, 12L, 13L, 13L, 14L, 15L, 15L, 17L, 
17L, 18L, 18L, 19L, 19L, 20L), .Label = c("Actor 10", "Actor 14", 
"Actor 15", "Actor 16", "Actor 19", "Actor 2", "Actor 20", "Actor 21", 
"Actor 23", "Actor 24", "Actor 25", "Actor 26", "Actor 27", "Actor 28", 
"Actor 29", "Actor 3", "Actor 30", "Actor 31", "Actor 32", "Actor 33", 
"Actor 4", "Actor 5", "Actor 6", "Actor 7", "Actor 9", "Mr Hi"
), class = "factor"), weight = c(0.994640594471511, 1.24330074308939, 
0.745980445853633, 0.745980445853633, 0.745980445853633, 0.745980445853633, 
0.497320297235755, 0.497320297235755, 0.497320297235755, 0.745980445853633, 
0.248660148617878, 0.745980445853633, 0.497320297235755, 0.497320297235755, 
0.497320297235755, 0.497320297235755, 1.49196089170727, 0.745980445853633, 
0.994640594471511, 1.24330074308939, 0.248660148617878, 0.497320297235755, 
0.497320297235755, 0.497320297235755, 0.745980445853633, 0.994640594471511, 
1.24330074308939, 0.248660148617878, 0.745980445853633, 0.497320297235755, 
0.497320297235755, 0.497320297235755, 0.745980445853633, 0.745980445853633, 
0.745980445853633, 0.497320297235755, 0.745980445853633, 1.24330074308939, 
0.745980445853633, 0.745980445853633, 0.745980445853633, 0.745980445853633, 
0.745980445853633, 0.994640594471511, 0.497320297235755, 0.745980445853633, 
0.745980445853633, 0.497320297235755, 0.745980445853633, 0.994640594471511, 
0.248660148617878, 0.497320297235755, 0.248660148617878, 0.745980445853633, 
0.248660148617878, 0.497320297235755, 0.745980445853633, 1.24330074308939, 
0.994640594471511, 0.745980445853633, 1.24330074308939, 0.994640594471511, 
0.497320297235755, 0.745980445853633, 0.497320297235755, 1.74062104032514, 
0.994640594471511, 0.497320297235755, 0.994640594471511, 0.497320297235755, 
0.497320297235755, 0.994640594471511, 0.497320297235755, 0.745980445853633, 
0.745980445853633, 0.994640594471511, 0.994640594471511, 1.24330074308939
)), .Names = c("fromID", "toID", "fromLabel", "toLabel", "weight"
), row.names = c(NA, -78L), class = "data.frame")
